0 0.777344 0.901042 0.439063 0.020833
0 0.449479 0.901367 0.207292 0.020182
0 0.248958 0.904948 0.195833 0.010417
0 0.087500 0.637370 0.165625 0.076823
0 0.288802 0.677734 0.227604 0.123698
0 0.697396 0.695312 0.572917 0.144531
0 0.858073 0.546875 0.283854 0.069010
0 0.621094 0.547526 0.198437 0.042969
0 0.445573 0.552734 0.148438 0.031250
0 0.314844 0.556315 0.118229 0.013672
0 0.195052 0.552734 0.109896 0.014323
0 0.115625 0.547852 0.043750 0.011068
0 0.075000 0.533529 0.032292 0.013672
1 0.733333 0.487305 0.158333 0.033203
1 0.476302 0.464193 0.347396 0.071615
1 0.214323 0.485026 0.172396 0.029948
0 0.946875 0.396484 0.106250 0.031250
0 0.846094 0.379557 0.090104 0.028646
0 0.758594 0.360026 0.078646 0.029948
0 0.684635 0.339844 0.063021 0.031250
0 0.616927 0.324219 0.068229 0.035156
0 0.496354 0.299805 0.163542 0.038411
0 0.361719 0.313802 0.102604 0.014323
1 0.839323 0.417643 0.063021 0.024089
1 0.764583 0.405599 0.075000 0.029948
1 0.688802 0.390299 0.066146 0.037109
1 0.625260 0.381510 0.041146 0.029948
1 0.568750 0.371094 0.068750 0.050781
1 0.461198 0.370768 0.143229 0.051432
1 0.317188 0.373698 0.139583 0.055990
1 0.169010 0.407227 0.147396 0.042318
0 0.461198 0.810547 0.121354 0.033854
0 0.608333 0.823893 0.167708 0.055339
0 0.845313 0.836914 0.287500 0.089193
0 0.104427 0.150065 0.200521 0.077474
0 0.278906 0.153646 0.133854 0.080729
0 0.386979 0.168620 0.072917 0.085938
0 0.454427 0.182617 0.058854 0.093099
0 0.514844 0.198568 0.050521 0.085938
0 0.568490 0.206055 0.039062 0.067057
0 0.632031 0.222982 0.074479 0.061849
0 0.702083 0.243490 0.053125 0.066406
0 0.766667 0.255859 0.067708 0.059896
0 0.819271 0.263997 0.032292 0.057943
0 0.868229 0.277018 0.053125 0.056641
0 0.917708 0.303060 0.039583 0.056641
0 0.968490 0.314779 0.057813 0.054036
1 0.238281 0.044596 0.077604 0.038411
1 0.334375 0.042643 0.104167 0.039714
1 0.442969 0.065430 0.104688 0.060547
1 0.522656 0.076823 0.044271 0.046875
1 0.595833 0.092773 0.096875 0.055339
1 0.693490 0.112956 0.090104 0.052734
1 0.774740 0.112630 0.063021 0.029948
1 0.831771 0.123372 0.039583 0.021484
