0 0.773177 0.099935 0.453646 0.039714
0 0.387760 0.087891 0.313021 0.035156
0 0.118490 0.086589 0.215104 0.035156
1 0.744010 0.190104 0.332813 0.016927
1 0.411719 0.177409 0.270313 0.013672
0 0.804167 0.158854 0.383333 0.016927
0 0.498437 0.148438 0.206250 0.023438
0 0.339844 0.134440 0.101562 0.021484
0 0.137500 0.139648 0.262500 0.027995
1 0.429948 0.774414 0.858854 0.103516
0 0.498177 0.953776 0.995313 0.087240
0 0.500260 0.671549 0.999479 0.043620
1 0.253385 0.348958 0.389062 0.036458
1 0.644271 0.364583 0.229167 0.037760
0 0.281771 0.298828 0.554167 0.070312
0 0.780469 0.302734 0.406771 0.076823
0 0.144271 0.527995 0.287500 0.059896
