0 0.498047 0.505371 0.878906 0.047852
1 0.582031 0.570312 0.490625 0.046875
1 0.577734 0.446777 0.530469 0.051758
0 0.551172 0.660156 0.878906 0.027344
2 0.512500 0.771973 0.778125 0.020508
1 0.363281 0.816895 0.448437 0.036133
0 0.323047 0.897949 0.336719 0.026367
0 0.680859 0.892090 0.372656 0.024414
1 0.689063 0.812500 0.187500 0.033203
1 0.457422 0.935059 0.507031 0.024414
1 0.537500 0.375488 0.267188 0.040039
0 0.398047 0.245117 0.242969 0.031250
0 0.726562 0.236816 0.251563 0.030273
1 0.544531 0.199219 0.390625 0.019531
