1 0.094531 0.875651 0.188021 0.149740
1 0.291667 0.856120 0.214583 0.156250
1 0.500781 0.838216 0.201563 0.147786
1 0.714323 0.824870 0.224479 0.131510
1 0.210156 0.699870 0.266146 0.057292
1 0.439323 0.694010 0.186979 0.052083
1 0.621094 0.695312 0.173437 0.066406
1 0.803646 0.689453 0.194792 0.037760
0 0.050260 0.645182 0.090104 0.044271
0 0.119271 0.647786 0.044792 0.039062
0 0.217969 0.655273 0.143229 0.031901
0 0.336979 0.653971 0.102083 0.025391
0 0.438542 0.648438 0.088542 0.028646
0 0.559375 0.633789 0.147917 0.031901
0 0.717708 0.643229 0.155208 0.035156
0 0.895052 0.657552 0.177604 0.026042
1 0.173177 0.573893 0.202604 0.081380
1 0.385677 0.562826 0.222396 0.094401
1 0.738802 0.568034 0.482812 0.107422
0 0.129948 0.503255 0.238021 0.029948
0 0.378906 0.494792 0.254688 0.020833
0 0.566667 0.491211 0.107292 0.024089
1 0.149219 0.426758 0.234896 0.087891
1 0.352865 0.440104 0.143229 0.045573
1 0.384635 0.353841 0.133854 0.027995
1 0.472656 0.344401 0.030729 0.019531
1 0.557552 0.337240 0.117188 0.023438
1 0.825521 0.347982 0.208333 0.039714
0 0.910417 0.453451 0.155208 0.030599
0 0.101302 0.335612 0.166146 0.057943
0 0.284635 0.298177 0.175521 0.052083
0 0.462500 0.281901 0.155208 0.035156
0 0.769271 0.273112 0.444792 0.038411
1 0.326302 0.246419 0.128646 0.030599
1 0.435937 0.236979 0.093750 0.033854
1 0.508073 0.228841 0.042188 0.038411
1 0.606510 0.217122 0.148438 0.038411
