1 0.500000 0.254557 0.998958 0.105469
1 0.889062 0.065104 0.221875 0.014323
1 0.659635 0.060872 0.217188 0.012370
1 0.467969 0.048503 0.130729 0.013672
1 0.340104 0.048503 0.094792 0.016276
1 0.229427 0.046224 0.102604 0.015625
1 0.126302 0.039714 0.069271 0.011719
0 0.501563 0.379557 0.995833 0.111979
0 0.897917 0.050456 0.167708 0.016276
0 0.722396 0.048503 0.170833 0.013672
0 0.573698 0.041667 0.106771 0.013021
0 0.484375 0.038086 0.057292 0.008464
0 0.403385 0.031901 0.081771 0.013021
0 0.284115 0.031576 0.140104 0.009766
0 0.154167 0.027995 0.104167 0.011719
1 0.336458 0.926107 0.663542 0.138672
0 0.502344 0.708659 0.995313 0.078776
0 0.500521 0.616211 0.992708 0.104818
