1 0.376563 0.401855 0.314063 0.030273
1 0.732031 0.400391 0.329688 0.039062
0 0.328516 0.275391 0.411719 0.037109
0 0.717969 0.275391 0.357812 0.029297
1 0.537109 0.176270 0.302344 0.028320
1 0.282813 0.186035 0.164062 0.024414
0 0.773828 0.355957 0.333594 0.016602
0 0.329297 0.353027 0.413281 0.012695
0 0.615625 0.512695 0.660937 0.015625
0 0.686328 0.446777 0.300781 0.008789
0 0.358594 0.449219 0.173437 0.009766
1 0.534375 0.564453 0.735938 0.027344
1 0.496484 0.644043 0.794531 0.020508
0 0.692969 0.703125 0.364063 0.048828
1 0.517188 0.766602 0.706250 0.039062
0 0.301563 0.855957 0.231250 0.020508
0 0.758984 0.857422 0.303906 0.025391
1 0.529687 0.824219 0.640625 0.011719
0 0.237891 0.939453 0.208594 0.011719
0 0.726172 0.951660 0.269531 0.016602
1 0.585156 0.919434 0.364063 0.020508
