1 0.257812 0.221029 0.327083 0.029297
1 0.054948 0.215820 0.056771 0.009766
1 0.483073 0.232096 0.099479 0.017578
1 0.398438 0.814453 0.429167 0.069010
1 0.674219 0.821615 0.110937 0.028646
0 0.168229 0.698893 0.332292 0.104818
0 0.507812 0.746419 0.331250 0.063151
0 0.226562 0.523763 0.450000 0.037109
1 0.401562 0.487305 0.241667 0.020182
1 0.200781 0.478190 0.133854 0.018880
0 0.152083 0.439128 0.297917 0.046224
0 0.408073 0.450195 0.206771 0.033203
0 0.602865 0.459961 0.159896 0.027995
1 0.242969 0.388672 0.231771 0.048177
1 0.509115 0.400391 0.280729 0.046875
0 0.282292 0.020182 0.513542 0.033854
0 0.674219 0.553711 0.385937 0.051432
0 0.778125 0.304036 0.189583 0.027344
1 0.740365 0.265951 0.205729 0.014974
0 0.594792 0.290365 0.163542 0.022135
0 0.416146 0.270182 0.173958 0.019531
0 0.152083 0.259766 0.284375 0.018229
0 0.462760 0.687174 0.229687 0.041016
0 0.218750 0.939128 0.422917 0.102214
