1 0.503646 0.827474 0.193750 0.087240
1 0.655208 0.843424 0.088542 0.095703
1 0.760677 0.862630 0.104688 0.063802
1 0.304688 0.815104 0.197917 0.063802
1 0.108594 0.805664 0.186979 0.072266
0 0.154167 0.694336 0.292708 0.093099
0 0.369271 0.709635 0.135417 0.110677
0 0.487500 0.731771 0.100000 0.082031
0 0.580208 0.749674 0.082292 0.052734
0 0.676302 0.760417 0.110937 0.031250
0 0.761458 0.779297 0.050000 0.026042
0 0.047396 0.865885 0.089583 0.019531
0 0.171094 0.867513 0.150521 0.021484
0 0.292187 0.874349 0.084375 0.019531
0 0.409375 0.895182 0.138542 0.026042
0 0.584115 0.901693 0.198437 0.020833
0 0.769010 0.909180 0.147396 0.016276
1 0.192448 0.940104 0.227604 0.057292
1 0.426302 0.954427 0.239063 0.049479
1 0.694792 0.958659 0.293750 0.026693
0 0.135677 0.522135 0.269271 0.062500
0 0.396875 0.521810 0.247917 0.038411
0 0.611979 0.528320 0.173958 0.025391
1 0.178646 0.391927 0.188542 0.050781
1 0.411198 0.393880 0.260937 0.046875
1 0.680208 0.403646 0.257292 0.035156
0 0.736198 0.533529 0.066146 0.013672
0 0.096094 0.325195 0.139063 0.012370
0 0.236458 0.334310 0.136458 0.012370
0 0.379948 0.337240 0.144271 0.009115
0 0.528385 0.353190 0.122396 0.012370
0 0.676562 0.360352 0.155208 0.009766
0 0.797917 0.371094 0.070833 0.015625
1 0.217708 0.220378 0.161458 0.025391
1 0.368229 0.224609 0.145833 0.022135
1 0.505990 0.236654 0.118229 0.021484
1 0.619531 0.245768 0.099479 0.012370
0 0.084896 0.256510 0.144792 0.027344
0 0.241667 0.265299 0.168750 0.029297
0 0.439844 0.277018 0.214062 0.042318
0 0.677083 0.286458 0.252083 0.026042
0 0.284375 0.046224 0.468750 0.070312
