1 0.600521 0.894857 0.287500 0.103516
1 0.820573 0.910156 0.201563 0.082031
0 0.873177 0.759766 0.243229 0.067708
0 0.656771 0.750000 0.185417 0.042969
0 0.482812 0.766276 0.160417 0.024740
0 0.293750 0.757161 0.208333 0.028646
1 0.265885 0.507161 0.122396 0.032552
1 0.395052 0.501953 0.124479 0.018229
1 0.498698 0.511719 0.074479 0.015625
1 0.566146 0.525716 0.050000 0.014974
0 0.904687 0.677083 0.175000 0.027344
0 0.786979 0.665365 0.052083 0.024740
1 0.457552 0.148438 0.134896 0.016927
1 0.600781 0.161133 0.096354 0.016276
1 0.706510 0.182617 0.058854 0.020182
1 0.773438 0.191081 0.056250 0.016276
1 0.834115 0.202474 0.050521 0.014323
