0 0.441406 0.440430 0.760938 0.042969
1 0.308594 0.526367 0.432812 0.031250
1 0.601172 0.854004 0.558594 0.030273
0 0.361719 0.802734 0.350000 0.015625
1 0.746094 0.741699 0.196875 0.016602
1 0.674219 0.638184 0.581250 0.016602
1 0.517578 0.910156 0.544531 0.031250
0 0.550000 0.561035 0.243750 0.014648
0 0.816797 0.551270 0.257031 0.014648
0 0.107422 0.604980 0.183594 0.014648
0 0.096875 0.567871 0.167187 0.012695
1 0.242188 0.491699 0.123438 0.028320
0 0.808984 0.366211 0.219531 0.019531
1 0.556250 0.259766 0.657813 0.011719
1 0.525391 0.400879 0.638281 0.022461
1 0.482031 0.035645 0.525000 0.018555
1 0.522656 0.083496 0.520312 0.026367
