1 0.167969 0.405599 0.082812 0.049479
1 0.246094 0.402344 0.061979 0.040365
1 0.306510 0.379557 0.050521 0.057292
1 0.354687 0.375651 0.042708 0.066406
1 0.453125 0.367839 0.135417 0.070312
1 0.570833 0.369466 0.084375 0.061849
1 0.674740 0.385091 0.116146 0.035807
1 0.754167 0.398112 0.026042 0.025391
1 0.804688 0.406576 0.051042 0.029297
0 0.157292 0.153320 0.298958 0.087891
0 0.348698 0.166667 0.076563 0.106771
0 0.415885 0.177409 0.046354 0.097005
0 0.457813 0.181641 0.032292 0.080729
0 0.495573 0.190430 0.034896 0.074870
0 0.538542 0.207682 0.039583 0.065104
0 0.581771 0.215495 0.037500 0.065104
0 0.638542 0.226562 0.067708 0.062500
0 0.698438 0.238932 0.043750 0.050781
0 0.754167 0.247721 0.059375 0.043620
0 0.800000 0.257487 0.029167 0.035807
0 0.847656 0.272135 0.054688 0.029948
0 0.915104 0.302083 0.063542 0.044271
0 0.973437 0.317057 0.053125 0.042969
0 0.455990 0.301758 0.163021 0.043620
0 0.577083 0.317057 0.067708 0.045573
0 0.634375 0.329753 0.033333 0.042318
0 0.677344 0.338542 0.043229 0.041667
0 0.723177 0.351237 0.040104 0.033203
0 0.765625 0.362630 0.036458 0.028646
0 0.811198 0.368815 0.038021 0.026693
0 0.868490 0.382161 0.057813 0.039062
0 0.945833 0.394206 0.080208 0.031901
0 0.349479 0.316732 0.040625 0.033203
0 0.308073 0.324544 0.032813 0.027995
0 0.269271 0.335612 0.030208 0.029297
0 0.139323 0.349935 0.222396 0.026693
0 0.739062 0.555339 0.521875 0.050781
1 0.246094 0.845378 0.095312 0.081380
1 0.327604 0.848307 0.059375 0.070312
1 0.399219 0.855794 0.065104 0.063151
1 0.480990 0.859701 0.084896 0.051432
1 0.576302 0.871745 0.091146 0.039062
1 0.672917 0.877604 0.096875 0.026042
1 0.362500 0.462240 0.168750 0.063802
1 0.540625 0.462565 0.188542 0.061849
1 0.728385 0.481120 0.170313 0.035156
0 0.330208 0.560221 0.292708 0.024089
0 0.120052 0.757161 0.054688 0.070312
0 0.167708 0.769857 0.037500 0.057943
0 0.216406 0.774740 0.050521 0.049479
0 0.277604 0.777995 0.066667 0.045573
0 0.339062 0.790039 0.044792 0.037109
0 0.406510 0.799154 0.078646 0.046224
0 0.492188 0.808594 0.076042 0.054688
0 0.581771 0.815430 0.093750 0.052734
0 0.708854 0.825846 0.148958 0.063151
0 0.892448 0.826497 0.209896 0.064453
