0 0.248438 0.304199 0.185938 0.026367
0 0.619922 0.299805 0.539844 0.019531
0 0.346094 0.187988 0.321875 0.034180
0 0.636719 0.180664 0.239063 0.025391
1 0.366406 0.229492 0.398438 0.039062
1 0.392188 0.332520 0.284375 0.020508
1 0.480859 0.489258 0.508594 0.056641
1 0.391797 0.429688 0.260156 0.056641
1 0.667578 0.419922 0.172656 0.046875
0 0.527344 0.970215 0.579688 0.049805
0 0.517578 0.895020 0.694531 0.043945
0 0.517969 0.778320 0.839063 0.025391
1 0.499609 0.566895 0.650781 0.059570
1 0.525000 0.703125 0.634375 0.031250
0 0.508984 0.839844 0.682031 0.041016
0 0.527344 0.668945 0.660937 0.015625
