1 0.170313 0.704427 0.339583 0.087240
1 0.404948 0.697266 0.123438 0.092448
1 0.575521 0.691732 0.212500 0.091797
1 0.842187 0.670247 0.314583 0.068359
1 0.121875 0.519206 0.242708 0.054036
1 0.298438 0.509766 0.108333 0.059896
1 0.440625 0.502604 0.164583 0.063802
1 0.610938 0.493815 0.172917 0.061849
1 0.776563 0.481771 0.146875 0.058594
1 0.922656 0.471354 0.143229 0.053385
1 0.044010 0.438802 0.076563 0.023438
1 0.134115 0.428385 0.099479 0.020833
1 0.236979 0.420573 0.101042 0.023438
1 0.351562 0.414062 0.117708 0.026042
1 0.492448 0.406901 0.158854 0.022135
1 0.682552 0.399740 0.215104 0.023438
1 0.813021 0.398112 0.038542 0.018880
1 0.072135 0.224609 0.134896 0.028646
1 0.186458 0.220378 0.089583 0.030599
1 0.279948 0.214193 0.088021 0.019531
1 0.446615 0.203125 0.236979 0.024740
1 0.698698 0.196289 0.253646 0.021484
0 0.501563 0.887370 0.996875 0.218750
0 0.874740 0.754883 0.242188 0.037109
0 0.651823 0.762695 0.198437 0.026693
0 0.461979 0.762695 0.164583 0.020182
0 0.862240 0.566732 0.272396 0.078776
0 0.577083 0.581055 0.286458 0.083984
0 0.321615 0.595052 0.225521 0.082031
0 0.107031 0.603190 0.196354 0.080078
0 0.083333 0.381510 0.157292 0.052083
0 0.323958 0.361328 0.317708 0.045573
0 0.610417 0.354818 0.246875 0.045573
0 0.865885 0.350911 0.253646 0.036458
1 0.885938 0.311198 0.218750 0.024740
1 0.654167 0.313151 0.236458 0.019531
1 0.459375 0.315755 0.145833 0.026042
1 0.344271 0.320964 0.081250 0.015625
1 0.256250 0.325521 0.087500 0.019531
1 0.163802 0.334961 0.092188 0.018880
1 0.075000 0.341471 0.085417 0.012370
0 0.820052 0.114583 0.359896 0.115885
0 0.492708 0.124674 0.282292 0.102214
0 0.231510 0.140299 0.234896 0.093099
0 0.058594 0.143880 0.108854 0.087240
